k0h, kh
0.00000000000000000000, 0.00000000000000000000
0.00628947478196154736, 0.07938943729908014280
0.01257894956392309471, 0.11239159325198107287
0.01886842434588464207, 0.13779584929782298652
0.02515789912784618942, 0.15928055308050448335
0.03144737390980773678, 0.17826889991300520766
0.03773684869176928414, 0.19549002508830895519
0.04402632347373083149, 0.21137662712771246309
0.05031579825569237885, 0.22621035185817792157
0.05660527303765393314, 0.24018663947061491548
0.06289474781961547356, 0.25344765162445198614
0.06918422260157701398, 0.26610060705778360024
0.07547369738353856827, 0.27822872623594890884
0.08176317216550012257, 0.28989812913594448229
0.08805264694746166299, 0.30116237701679315908
0.09434212172942320340, 0.31206557267319418036
0.10063159651138475770, 0.32264454166061545815
0.10692107129334632587, 0.33293040693755077131
0.11321054607530786629, 0.34294975111215786345
0.11950002085726940670, 0.35272549103971845286
0.12578949563923094712, 0.36227754724075234005
0.13207897042119251529, 0.37162336404848023141
0.13836844520315402796, 0.38077831923923077806
0.14465791998511559613, 0.38975605054486955892
0.15094739476707713655, 0.39856871876513821906
0.15723686954903870472, 0.40722722189867188725
0.16352634433100024514, 0.41574137099034269571
0.16981581911296178555, 0.42412003573722523164
0.17610529389492332597, 0.43237126597263336736
0.18239476867688489414, 0.44050239373645871943
0.18868424345884640680, 0.44852011959144039155
0.19497371824080797498, 0.45643058605691921858
0.20126319302276951539, 0.46423944043306192286
0.20755266780473108357, 0.47195188882945660058
0.21384214258669265174, 0.47957274285663670232
0.22013161736865416440, 0.48710646016171382788
0.22642109215061573257, 0.49455717977103974548
0.23271056693257727299, 0.50192875302980455299
0.23900004171453881341, 0.50922477079035499692
0.24528951649650035383, 0.51644858739003207670
0.25157899127846189424, 0.52360334186957979696
0.25786846606042346242, 0.53069197681018920321
0.26415794084238503059, 0.53771725510753998201
0.27044741562434654325, 0.54468177495212732886
0.27673689040630805591, 0.55158798324459845652
0.28302636518826967960, 0.55843818764115893405
0.28931583997023119226, 0.56523456739602784271
0.29560531475219276043, 0.57197918314440365783
0.30189478953415427309, 0.57867398574962380930
0.30818426431611584126, 0.58532082432150145390
0.31447373909807740944, 0.59192145349867497650
0.32076321388003892210, 0.59847754007576625668
0.32705268866200049027, 0.60499066904587694982
0.33334216344396205844, 0.61146234912015673402
0.33963163822592357111, 0.61789401777862174026
0.34592111300788513928, 0.62428704589990047236
0.35221058778984665194, 0.63064274201195569258
0.35850006257180822011, 0.63696235620096641750
0.36478953735376978829, 0.64324708371131611440
0.37107901213573130095, 0.64949806826595268827
0.37736848691769281361, 0.65571640513316509224
0.38365796169965443729, 0.66190314396300475863
0.38994743648161594995, 0.66805929141410791416
0.39623691126357751813, 0.67418581358950435689
0.40252638604553903079, 0.68028363829808036201
0.40881586082750059896, 0.68635365715667628894
0.41510533560946216713, 0.69239672754629766338
0.42139481039142367980, 0.69841367443460034004
0.42768428517338530348, 0.70440529207562341263
0.43397375995534681614, 0.71037234559670126011
0.44026323473730832880, 0.71631557248155042217
0.44655270951926989698, 0.72223568395768966699
0.45284218430123146515, 0.72813336629560776458
0.45913165908319297781, 0.73400928202642390374
0.46542113386515454598, 0.73986407108418605905
0.47171060864711605864, 0.74569835187840927127
0.47800008342907762682, 0.75151272230197829760
0.48428955821103919499, 0.75730776067909100213
0.49057903299300070765, 0.76308402665753327643
0.49686850777496227582, 0.76884206204921290428
0.50315798255692378849, 0.77458239162255770882
0.50944745733888530115, 0.78030552385009444016
0.51573693212084692483, 0.78601195161425219116
0.52202640690280854852, 0.79170215287419687389
0.52831588168477006118, 0.79737659129628446486
0.53460535646673157384, 0.80303571685051700069
0.54089483124869308650, 0.80867996637520522807
0.54718430603065459916, 0.81430976411187305786
0.55347378081261611182, 0.81992552221229253462
0.55976325559457773551, 0.82552764121938881914
0.56605273037653935919, 0.83111651052363710868
0.57234220515850087185, 0.83669250879645040708
0.57863167994046238451, 0.84225600440195236285
0.58492115472242389718, 0.84780735578842969513
0.59121062950438552086, 0.85334691186066824464
0.59750010428634703352, 0.85887501233429464076
0.60378957906830854618, 0.86439198807316774964
0.61007905385027005885, 0.86989816141079234768
0.61636852863223168253, 0.87539384645666440399
0.62265800341419330621, 0.88087934938839518306
0.62894747819615481887, 0.88635496873040697796
0.63523695297811633154, 0.89182099561994077064
0.64152642776007784420, 0.89727771406106804353
0.64781590254203935686, 0.90272540116735766613
0.65410537732400098054, 0.90816432739380237305
0.66039485210596260423, 0.91359475675857748644
0.66668432688792411689, 0.91901694705516467909
0.67297380166988562955, 0.92443115005534370887
0.67926327645184714221, 0.92983761170352063896
0.68555275123380865487, 0.93523657230283829822
0.69184222601577027856, 0.94062826669348376107
0.69813170079773179122, 0.94601292442358464463
0.70442117557969330388, 0.95139076991306203990
0.71071065036165492756, 0.95676202261079001943
0.71700012514361644023, 0.96212689714538524033
0.72328959992557806391, 0.96748560346993939252
0.72957907470753957657, 0.97283834700098115178
0.73586854948950108923, 0.97818532875194685872
0.74215802427146260190, 0.98352674546141616307
0.74844749905342411456, 0.98886278971635932500
0.75473697383538562722, 0.99419365007062721062
0.76102644861734736192, 0.99951951115890558253
0.76731592339930887459, 1.00484055380633563459
0.77360539818127038725, 1.01015695513400527439
0.77989487296323189991, 1.01546888866048923283
0.78618434774519341257, 1.02077652439961896746
0.79247382252715503625, 1.02608002895464900384
0.79876329730911654892, 1.03137956560897459113
0.80505277209107806158, 1.03667529441355754649
0.81134224687303968526, 1.04196737227119684555
0.81763172165500119792, 1.04725595301778140467
0.82392119643696282161, 1.05254118750065628340
0.83021067121892433427, 1.05782322365422065680
0.83650014600088584693, 1.06310220657287812784
0.84278962078284735959, 1.06837827858144485127
0.84907909556480887225, 1.07365157930312649093
0.85536857034677060696, 1.07892224572515971204
0.86165804512873211962, 1.08419041226221546381
0.86794751991069363228, 1.08945621081765620097
0.87423699469265514495, 1.09471977084273119907
0.88052646947461665761, 1.09998121939379345235
0.88681594425657817027, 1.10524068118761831236
0.89310541903853979395, 1.11049827865489691980
0.89939489382050130661, 1.11575413199197748249
0.90568436860246293030, 1.12100835921092345515
0.91197384338442444296, 1.12626107618794990550
0.91826331816638595562, 1.13151239671030801048
0.92455279294834757930, 1.13676243252167008535
0.93084226773030909197, 1.14201129336607509757
0.93713174251227060463, 1.14725908703049084281
0.94342121729423211729, 1.15250591938604252107
0.94971069207619362995, 1.15775189442795789496
0.95600016685815525364, 1.16299711431427899022
0.96228964164011687732, 1.16824167940338274896
0.96857911642207838998, 1.17348568829035770911
0.97486859120403990264, 1.17872923784227690014
0.98115806598600141530, 1.18397242323240692308
0.98744754076796292797, 1.18921533797339340488
0.99373701554992455165, 1.19445807394945813229
1.00002649033188606431, 1.19970072144764450250
1.00631596511384757697, 1.20494336918814459736
1.01260543989580908963, 1.21018610435374096568
1.01889491467777060230, 1.21542901261839442206
1.02518438945973211496, 1.22067217817500783816
1.03147386424169384966, 1.22591568376239501426
1.03776333902365536233, 1.23115961069148149853
1.04405281380561709703, 1.23640403887076733014
1.05034228858757860969, 1.24164904683107057970
1.05663176336954012235, 1.24689471174958632638
1.06292123815150163502, 1.25214110947327350587
1.06921071293346314768, 1.25738831454160249201
1.07550018771542466034, 1.26263640020867917713
1.08178966249738617300, 1.26788543846476731147
1.08807913727934768566, 1.27313550005723419289
1.09436861206130919832, 1.27838665451093191905
1.10065808684327071099, 1.28363897014804040353
1.10694756162523222365, 1.28889251410738325809
1.11323703640719395835, 1.29414735236324163203
1.11952651118915547102, 1.29940354974367533458
1.12581598597111720572, 1.30466116994837388887
1.13210546075307871838, 1.30992027556604906380
1.13839493553504023104, 1.31518092809138553712
1.14468441031700174371, 1.32044318794156456676
1.15097388509896325637, 1.32570711447237399305
1.15726335988092476903, 1.33097276599391811658
1.16355283466288628169, 1.33624019978594299474
1.16984230944484779435, 1.34150947211278381843
1.17613178422680952906, 1.34678063823795568510
1.18242125900877104172, 1.35205375243838954447
1.18871073379073255438, 1.35732886801833285695
1.19500020857269406704, 1.36260603732292229218
1.20128968335465557971, 1.36788531175143712737
1.20757915813661709237, 1.37316674177024977688
1.21386863291857860503, 1.37845037692547656150
1.22015810770054011769, 1.38373626585534315048
1.22644758248250185240, 1.38902445630227155959
1.23273705726446336506, 1.39431499512469847524
1.23902653204642487772, 1.39960792830863289815
1.24531600682838661243, 1.40490330097896420902
1.25160548161034812509, 1.41020115741052376457
1.25789495639230963775, 1.41550154103891201451
1.26418443117427115041, 1.42080449447109891103
1.27047390595623266307, 1.42611005949580071928
1.27676338073819417573, 1.43141827709364544141
1.28305285552015568840, 1.43672918744713040695
1.28934233030211720106, 1.44204282995038046700
1.29563180508407871372, 1.44735924321871145537
1.30192127986604022638, 1.45267846509800757637
1.30821075464800196109, 1.45800053267391604983
1.31450022942996347375, 1.46332548228086789521
1.32078970421192520845, 1.46865334951092818550
1.32707917899388672112, 1.47398416922247954552
1.33336865377584823378, 1.47931797554875243961
1.33965812855780974644, 1.48465480190619625311
1.34594760333977125910, 1.48999468100270227033
1.35223707812173277176, 1.49533764484568654218
1.35852655290369428442, 1.50068372475002820288
1.36481602768565579709, 1.50603295134587633619
1.37110550246761730975, 1.51138535458632561337
1.37739497724957904445, 1.51674096375496536560
1.38368445203154055712, 1.52209980747330697604
1.38997392681350206978, 1.52746191370809270005
1.39626340159546358244, 1.53282730977849146470
1.40255287637742509510, 1.53819602236318231370
1.40884235115938660776, 1.54356807750733349138
1.41513182594134812042, 1.54894350062947561142
1.42142130072330985513, 1.55432231652827690382
1.42771077550527136779, 1.55970454938921965216
1.43400025028723288045, 1.56509022279118714671
1.44028972506919439311, 1.57047935971295515856
1.44657919985115612782, 1.57587198253959970273
1.45286867463311764048, 1.58126811306881798203
1.45915814941507915314, 1.58666777251717072694
1.46544762419704066581, 1.59207098152624171306
1.47173709897900217847, 1.59747776016872378158
1.47802657376096369113, 1.60288812795442892067
1.48431604854292520379, 1.60830210383622862480
1.49060552332488671645, 1.61371970621592475403
1.49689499810684822911, 1.61914095295005244779
1.50318447288880974178, 1.62456586135561975581
1.50947394767077125444, 1.62999444821578554077
1.51576342245273321119, 1.63542672978547476426
1.52205289723469472385, 1.64086272179693559714
1.52834237201665623651, 1.64630243946524412735
1.53463184679861774917, 1.65174589749374933767
1.54092132158057926183, 1.65719311007946767944
1.54721079636254077450, 1.66264409091842679800
1.55350027114450228716, 1.66809885321095929811
1.55978974592646379982, 1.67355740966694832572
1.56607922070842531248, 1.67901977251102829669
1.57236869549038682514, 1.68448595348773944025
1.57865817027234855985, 1.68995596386663970989
1.58494764505431007251, 1.69542981444737472785
1.59123711983627158517, 1.70090751556470709538
1.59752659461823309783, 1.70638907709350684527
1.60381606940019461049, 1.71187450845370237040
1.61010554418215612316, 1.71736381861519604719
1.61639501896411785786, 1.72285701610274410989
1.62268449374607937052, 1.72835410900079944341
1.62897396852804088319, 1.73385510495832462219
1.63526344331000239585, 1.73936001119356831168
1.64155291809196390851, 1.74486883449881391428
1.64784239287392564322, 1.75038158124509357627
1.65413186765588715588, 1.75589825738687399515
1.66042134243784866854, 1.76141886846671558153
1.66671081721981018120, 1.76694341961989853651
1.67300029200177169386, 1.77247191557902583625
1.67928976678373320652, 1.77800436067859579659
1.68557924156569471918, 1.78354075885955221104
1.69186871634765623185, 1.78908111367380562307
1.69815819112961774451, 1.79462542828873217182
1.70444766591157925717, 1.80017370549164645865
1.71073714069354121392, 1.80572594769425309735
1.71702661547550272658, 1.81128215693707117495
1.72331609025746423924, 1.81684233489384117100
1.72960556503942575191, 1.82240648287590545351
1.73589503982138726457, 1.82797460183656901300
1.74218451460334877723, 1.83354669237543776994
1.74847398938531028989, 1.83912275474273712028
1.75476346416727180255, 1.84470278884361005289
1.76105293894923331521, 1.85028679424239239637
1.76734241373119482788, 1.85587477016687096842
1.77363188851315634054, 1.86146671551252129717
1.77992136329511807524, 1.86706262884672558044
1.78621083807707958790, 1.87266250841296999496
1.79250031285904110057, 1.87826635213502712851
1.79878978764100261323, 1.88387415762111487538
1.80507926242296412589, 1.88948592216803978872
1.81136873720492586060, 1.89510164276532200311
1.81765821198688737326, 1.90072131609929884100
1.82394768676884888592, 1.90634493855721443012
1.83023716155081039858, 1.91197250623128889302
1.83652663633277191124, 1.91760401492276888469
1.84281611111473342390, 1.92323946014596236509
1.84910558589669515861, 1.92887883713225360971
1.85539506067865667127, 1.93452214083410156675
1.86168453546061818393, 1.94016936592902022873
1.86797401024257969659, 1.94582050682354079640
1.87426348502454120926, 1.95147555765715563503
1.88055295980650272192, 1.95713451230624668753
1.88684243458846423458, 1.96279736438799301546
1.89313190937042574724, 1.96846410726426213067
1.89942138415238725990, 1.97413473404548445167
1.90571085893434899461, 1.97980923759450733179
1.91200033371631050727, 1.98548761053043132385
1.91828980849827224198, 1.99116984523243223393
1.92457928328023375464, 1.99685593384355963842
1.93086875806219526730, 2.00254586827451985798
1.93715823284415677996, 2.00823964020744005765
1.94344770762611829262, 2.01393724109961569368
1.94973718240807980528, 2.01963866218723353541
1.95602665719004131795, 2.02534389448908402898
1.96231613197200283061, 2.03105292881024812601
1.96860560675396434327, 2.03676575574576812500
1.97489508153592585593, 2.04248236568429852866
1.98118455631788759064, 2.04820274881173824966
1.98747403109984910330, 2.05392689511484194398
1.99376350588181061596, 2.05965479438481224861
2.00005298066377212862, 2.06538643622087469964
2.00634245544573364128, 2.07112181003382733735
2.01263193022769515395, 2.07686090504957521219
2.01892140500965666661, 2.08260371031264224229
2.02521087979161817927, 2.08835021468966131053
2.03150035457357969193, 2.09410040687284748628
2.03778982935554120459, 2.09985427538344637810
2.04407930413750271725, 2.10561180857516294651
2.05036877891946422992, 2.11137299463757210916
2.05665825370142618667, 2.11713782159950048012
2.06294772848338769933, 2.12290627733239434249
2.06923720326534921199, 2.12867834955366097560
2.07552667804731072465, 2.13445402582999177454
2.08181615282927223731, 2.14023329358065783623
2.08810562761123419406, 2.14601614008078867002
2.09439510239319526264, 2.15180255246462426300
2.10068457717515721939, 2.15759251772874893760
2.10697405195711828796, 2.16338602273529545528
2.11326352673908024471, 2.16918305421513535336
2.11955300152104131328, 2.17498359877103508708
2.12584247630300327003, 2.18078764288080106937
2.13213195108496433861, 2.18659517290038651893
2.13842142586692629536, 2.19240617506699164707
2.14471090064888736393, 2.19822063550212165595
2.15100037543084932068, 2.20403854021463851964
2.15728985021281127743, 2.20985987510377279719
2.16357932499477234600, 2.21568462596212079063
2.16986879977673430275, 2.22151277847861594594
2.17615827455869537133, 2.22734431824147005585
2.18244774934065732808, 2.23317923074109847548
2.18873722412261839665, 2.23901750137300759036
2.19502669890458035340, 2.24485911544067562318
2.20131617368654142197, 2.25070405815838547881
2.20760564846850337872, 2.25655231465405403668
2.21389512325046444730, 2.26240386997201659014
2.22018459803242640405, 2.26825870907580551261
2.22647407281438791671, 2.27411681685088007399
2.23276354759634942937, 2.27997817810735359245
2.23905302237831094203, 2.28584277758267750968
2.24534249716027245469, 2.29171059994430548201
2.25163197194223441144, 2.29758162979233526713
2.25792144672419548002, 2.30345585166211375139
2.26421092150615743677, 2.30933325002683043081
2.27050039628811850534, 2.31521380930006603904
2.27678987107008046209, 2.32109751383833273763
2.28307934585204197475, 2.32698434794357522648
2.28936882063400348741, 2.33287429586565009387
2.29565829541596500007, 2.33876734180477718894
2.30194777019792651274, 2.34466346991396523691
2.30823724497988802540, 2.35056266430140903267
2.31452671976184953806, 2.35646490903286043306
2.32081619454381105072, 2.36237018813397359196
2.32710566932577256338, 2.36827848559261955330
2.33339514410773407604, 2.37418978536117730727
2.33968461888969558871, 2.38010407135879775709
2.34597409367165754546, 2.38602132747363748777
2.35226356845361905812, 2.39194153756506677766
2.35855304323558057078, 2.39786468546585318506
2.36484251801754208344, 2.40379075498431449276
2.37113199279950359610, 2.40971972990644500712
2.37742146758146510876, 2.41565159399801698825
2.38371094236342662143, 2.42158633100665188209
2.39000041714538813409, 2.42752392466386712755
2.39628989192734964675, 2.43346435868709365380
2.40257936670931115941, 2.43940761678166895265
2.40886884149127267207, 2.44535368264279906469
2.41515831627323418473, 2.45130253995749791684
2.42144779105519614149, 2.45725417240649823825
2.42773726583715721006, 2.46320856366613183397
2.43402674061911916681, 2.46916569741019209516
2.44031621540108023538, 2.47512555731175609708
2.44660569018304219213, 2.48108812704499692714
2.45289516496500370479, 2.48705339028695249226
2.45918463974696521745, 2.49302133071927789487
2.46547411452892673012, 2.49899193202997249585
2.47176358931088824278, 2.50496517791507100625
2.47805306409284975544, 2.51094105208031814769
2.48434253887481126810, 2.51691953824281267060
2.49063201365677322485, 2.52290062013262428309
2.49692148843873429342, 2.52888428149438482251
2.50321096322069625018, 2.53487050608885988723
2.50950043800265731875, 2.54085927769448183255
2.51578991278461927550, 2.54685058010887166446
2.52207938756658034407, 2.55284439715032096530
2.52836886234854230082, 2.55884071265926271721
2.53465833713050336939, 2.56483951049970348990
2.54094781191246532615, 2.57084077456064097333
2.54723728669442683881, 2.57684448875744775975
2.55352676147638835147, 2.58285063703323869433
2.55981623625835030822, 2.58885920336020536325
2.56610571104031137679, 2.59487017174093015370
2.57239518582227333354, 2.60088352620967899753
2.57868466060423440211, 2.60689925083365858782
2.58497413538619635887, 2.61291732971426515775
2.59126361016815742744, 2.61893774698829284731
2.59755308495011938419, 2.62496048682913274419
2.60384255973208045276, 2.63098553344793550934
2.61013203451404240951, 2.63701287109476156800
2.61642150929600392217, 2.64304248405969799407
2.62271098407796543484, 2.64907435667396162771
2.62900045885992694750, 2.65510847331097021851
2.63528993364188846016, 2.66114481838739624919
2.64157940842385041691, 2.66718337636419811076
2.64786888320581148548, 2.67322413174762463228
2.65415835798777344223, 2.67926706909020229119
2.66044783276973451080, 2.68531217299169444601
2.66673730755169646756, 2.69135942810004813452
2.67302678233365753613, 2.69740881911230356849
2.67931625711561949288, 2.70346033077550185197
2.68560573189758100554, 2.70951394788755273169
2.69189520667954251820, 2.71556965529809257731
2.69818468146150403086, 2.72162743790931926924
2.70447415624346554353, 2.72768728067680177318
2.71076363102542705619, 2.73374916861027505988
2.71705310580738856885, 2.73981308677441015575
2.72334258058935008151, 2.74587902028956776235
2.72963205537131159417, 2.75194695433252745076
2.73592153015327355092, 2.75801687413720131303
2.74221100493523461950, 2.76408876499532407678
2.74850047971719657625, 2.77016261225713078531
2.75478995449915808891, 2.77623840133200250335
2.76107942928111960157, 2.78231611768910980231
2.76736890406308111423, 2.78839574685802116250
2.77365837884504262689, 2.79447727442930604624
2.77994785362700413955, 2.80056068605510954939
2.78623732840896565222, 2.80664596744971683862
2.79252680319092716488, 2.81273310439009405215
2.79881627797288867754, 2.81882208271641410136
2.80510575275485019020, 2.82491288833256470880
2.81139522753681170286, 2.83100550720663823867
2.81768470231877321552, 2.83709992537140642810
2.82397417710073517227, 2.84319612892477646682
2.83026365188269624085, 2.84929410403022931320
2.83655312666465819760, 2.85539383691724646397
2.84284260144661971026, 2.86149531388171451951
2.84913207622858122292, 2.86759852128631820278
2.85542155101054273558, 2.87370344556091428245
2.86171102579250424824, 2.87981007320289350560
2.86800050057446576091, 2.88591839077752387865
2.87428997535642727357, 2.89202838491827973755
2.88057945013838878623, 2.89814004232715793918
2.88686892492035029889, 2.90425334977497540123
2.89315839970231225564, 2.91036829410165820420
2.89944787448427332421, 2.91648486221650582451
2.90573734926623528096, 2.92260304109845581166
2.91202682404819634954, 2.92872281779632048782
2.91831629883015830629, 2.93484417942902009457
2.92460577361211937486, 2.94096711318579639993
2.93089524839408133161, 2.94709160632641653521
2.93718472317604284427, 2.95321764618136084479
2.94347419795800435693, 2.95934522015200007772
2.94976367273996586960, 2.96547431571076147705
2.95605314752192738226, 2.97160492040127621749
2.96234262230388933901, 2.97773702183852151393
2.96863209708585040758, 2.98387060770894585460
2.97492157186781236433, 2.99000566577058712880
2.98121104664977343290, 2.99614218385317121474
2.98750052143173538965, 3.00228014985820967908
2.99378999621369645823, 3.00841955175907482811
3.00007947099565841498, 3.01456037760107653511
3.00636894577761948355, 3.02070261550151242247
3.01265842055958144030, 3.02684625364972470507
3.01894789534154250887, 3.03299128030712950022
3.02523737012350446562, 3.03913768380725235474
3.03152684490546642238, 3.04528545255573757089
3.03781631968742749095, 3.05143457503036019673
3.04410579446938944770, 3.05758503978102424981
3.05039526925135051627, 3.06373683542974495353
3.05668474403331247302, 3.06988995067063408229
3.06297421881527354159, 3.07604437426986443427
3.06926369359723549834, 3.08220009506563163981
3.07555316837919656692, 3.08835710196810397932
3.08184264316115852367, 3.09451538395936953663
3.08813211794312003633, 3.10067493009336336840
3.09442159272508154899, 3.10683572949579911437
3.10071106750704306165, 3.11299777136408328815
3.10700054228900457431, 3.11916104496722734751
3.11329001707096608698, 3.12532553964574555394
3.11957949185292759964, 3.13149124481155327615
3.12586896663488955639, 3.13765814994785108283
3.13215844141685062496, 3.14382624460900306218
3.13844791619881258171, 3.14999551842041292105
3.14473739098077365028, 3.15616596107838276453
3.15102686576273560703, 3.16233756234997764878
3.15731634054469711970, 3.16851031207287103797
3.16360581532665863236, 3.17468420015519381394
3.16989529010862014502, 3.18085921657537085139
3.17618476489058165768, 3.18703535138195315213
3.18247423967254317034, 3.19321259469344376214
3.18876371445450468300, 3.19939093669811835952
3.19505318923646619567, 3.20557036765383873700
3.20134266401842770833, 3.21175087788786228771
3.20763213880038922099, 3.21793245779664305317
3.21392161358235073365, 3.22411509784563143910
3.22021108836431224631, 3.23029878856906460527
3.22650056314627420306, 3.23648352056975552316
3.23279003792823571573, 3.24266928451887226359
3.23907951271019722839, 3.24885607115571906078
3.24536898749215874105, 3.25504387128750671820
3.25165846227412025371, 3.26123267578911857356
3.25794793705608176637, 3.26742247560287868424
3.26423741183804327903, 3.27361326173830669006
3.27052688662000479169, 3.27980502527187578465
3.27681636140196630436, 3.28599775734676047279
3.28310583618392781702, 3.29219144917258565997
3.28939531096588932968, 3.29838609202517041297
3.29568478574785128643, 3.30458167724626417083
3.30197426052981235500, 3.31077819624328339998
3.30826373531177431175, 3.31697564048904647294
3.31455321009373538033, 3.32317400152149700077
3.32084268487569733708, 3.32937327094343560319
3.32713215965765884974, 3.33557344042223569147
3.33342163443962036240, 3.34177450168956724497
3.33971110922158187506, 3.34797644654111081763
3.34600058400354338772, 3.35417926683627110052
3.35229005878550490038, 3.36038295449788870783
3.35857953356746641305, 3.36658750151194530176
3.36486900834942836980, 3.37279289992727226988
3.37115848313138943837, 3.37899914185524963273
3.37744795791335139512, 3.38520621946951116854
3.38373743269531246369, 3.39141412500563754762
3.39002690747727442044, 3.39762285076085746027
3.39631638225923548902, 3.40383238909373542214
3.40260585704119744577, 3.41004273242387112575
3.40889533182315851434, 3.41625387323158147268
3.41518480660512047109, 3.42246580405759726062
3.42147428138708242784, 3.42867851750274033051
3.42776375616904349641, 3.43489200622761448045
3.43405323095100545316, 3.44110626295228971827
3.44034270573296652174, 3.44732128045597807642
3.44663218051492847849, 3.45353705157671964088
3.45292165529688954706, 3.45975356921105614560
3.45921113007885150381, 3.46597082631371566919
3.46550060486081257238, 3.47218881589728134429
3.47179007964277452913, 3.47840753103187205753
3.47807955442473559771, 3.48462696484481604386
3.48436902920669755446, 3.49084711052032181655
3.49065850398865906712, 3.49706796129915264970
3.49694797877062057978, 3.50328951047829884047
3.50323745355258209244, 3.50951175141064597440
3.50952692833454360510, 3.51573467750464940806
3.51581640311650556185, 3.52195828222399898166
3.52210587789846663043, 3.52818255908728994896
3.52839535268042858718, 3.53440750166769523943
3.53468482746238965575, 3.54063310359262573002
3.54097430224435161250, 3.54685935854340650408
3.54726377702631268107, 3.55308626025493667910
3.55355325180827463782, 3.55931380251536255699
3.55984272659023615049, 3.56554197916574056038
3.56613220137219766315, 3.57177078409970416573
3.57242167615415917581, 3.57800021126313483322
3.57871115093612068847, 3.58423025465382227850
3.58500062571808220113, 3.59046090832113584668
3.59129010050004371379, 3.59669216636568922496
3.59757957528200522646, 3.60292402293900693167
3.60386905006396673912, 3.60915647224319258157
3.61015852484592825178, 3.61538950853059448676
3.61644799962788976444, 3.62162312610347303377
3.62273747440985172119, 3.62785731931367116943
3.62902694919181323385, 3.63409208256227644895
3.63531642397377474651, 3.64032741029929596266
3.64160589875573625918, 3.64656329702332060450
3.64789537353769777184, 3.65279973728119600196
3.65418484831965928450, 3.65903672566769211372
3.66047432310162079716, 3.66527425682517282723
3.66676379788358230982, 3.67151232544326733276
3.67305327266554382248, 3.67775092625854149730
3.67934274744750533515, 3.68399005405416923864
3.68563222222946684781, 3.69022970365960656380
3.69192169701142836047, 3.69646986995026383127
3.69821117179339031722, 3.70271054784718023356
3.70450064657535138579, 3.70895173231669872393
3.71079012135731334254, 3.71519341837014360763
3.71707959613927485520, 3.72143560106349235994
3.72336907092123636787, 3.72767827549705987877
3.72965854570319788053, 3.73392143681517119091
3.73594802048515939319, 3.74016508020584348415
3.74223749526712090585, 3.74640920090046636304
3.74852697004908241851, 3.75265379417348254876
3.75481644483104393117, 3.75889885534206991125
3.76110591961300544384, 3.76514437976582616585
3.76739539439496740059, 3.77139036284645223773
3.77368486917692846916, 3.77763680002743651443
3.77997434395889042591, 3.78388368679374575976
3.78626381874085149448, 3.79013101867150670188
3.79255329352281345123, 3.79637879122770138807
3.79884276830477451981, 3.80262700006985054912
3.80513224308673647656, 3.80887564084571295098
3.81142171786869798922, 3.81512470924296920316
3.81771119265065950188, 3.82137420098892244269
3.82400066743262101454, 3.82762411185018924797
3.83029014221458252720, 3.83387443763239676997
3.83657961699654448395, 3.84012517417988252788
3.84286909177850555253, 3.84637631737538887577
3.84915856656046750928, 3.85262786313976901553
3.85544804134242857785, 3.85887980743168146347
3.86173751612439053460, 3.86513214624730006008
3.86802699090635160317, 3.87138487562001198938
3.87431646568831355992, 3.87763799162012823274
3.88060594047027462850, 3.88389149035458647319
3.88689541525223658525, 3.89014536796666465790
3.89318489003419809791, 3.89639962063568345840
3.89947436481615961057, 3.90265424457672471803
3.90576383959812156732, 3.90890923604034190575
3.91205331438008263589, 3.91516459131226879364
3.91834278916204459264, 3.92142030671314589796
3.92463226394400566122, 3.92767637859822604796
3.93092173872596761797, 3.93393280335710215923
3.93721121350792868654, 3.94018957741342035206
3.94350068828989064329, 3.94644669722460816885
3.94979016307185171186, 3.95270415928158858065
3.95607963785381366861, 3.95896196010851619818
3.96236911263577518127, 3.96522009626249261061
3.96865858741773669394, 3.97147856433329859982
3.97494806219969820660, 3.97773736094312591050
3.98123753698165971926, 3.98399648274630235889
3.98752701176362123192, 3.99025592642902804386
3.99381648654558274458, 3.99651568870910711695
4.00010596132754425724, 4.00277576633568443754
4.00639543610950621400, 4.00903615608898267197
4.01268491089146728257, 4.01529685478003628418
4.01897438567342923932, 4.02155785925043929296
4.02526386045539030789, 4.02781916637207881848
4.03155333523735226464, 4.03408077304688728049
4.03784281001931333321, 4.04034267620657505660
4.04413228480127528996, 4.04660487281238889778
4.05042175958323635854, 4.05286735985485169209
4.05671123436519831529, 4.05913013435351555103
4.06300070914715938386, 4.06539319335671134326
4.06929018392912134061, 4.07165653394130355736
4.07557965871108240918, 4.07792015321243894732
4.08186913349304436593, 4.08418404830331027711
4.08815860827500543451, 4.09044821637490763067
4.09444808305696739126, 4.09671265461577949196
4.10073755783892845983, 4.10297736024179027226
4.10702703262089130476, 4.10924233049589293643
4.11331650740285237333, 4.11550756264787409577
4.11960598218481344190, 4.12177305399413729248
4.12589545696677539866, 4.12803880185746230325
4.13218493174873735541, 4.13430480358677066022
4.13847440653069842398, 4.14057105655690005364
4.14476388131265949255, 4.14683755816837695818
4.15105335609462144930, 4.15310430584718393021
4.15734283087658340605, 4.15937129704454022772
4.16363230565854447462, 4.16563852923667354844
4.16992178044050554320, 4.17190599992460242618
4.17621125522246838813, 4.17817370663391418617
4.18250073000442945670, 4.18444164691453934779
4.18879020478639052527, 4.19070981834054556714
4.19507967956835159384, 4.19697821850991292791
4.20136915435031443877, 4.20324684504432610765
4.20765862913227550735, 4.20951569558895144496
4.21394810391423657592, 4.21578476781223798753
4.22023757869619853267, 4.22205405940570077661
4.22652705347816048942, 4.22832356808371123691
4.23281652826012155799, 4.23459329158329556009
4.23910600304208262656, 4.24086322766392687100
4.24539547782404547149, 4.24713337410732183486
4.25168495260600654007, 4.25340372871723459980
4.25797442738796760864, 4.25967428931926495039
4.26426390216992867721, 4.26594505376065225022
4.27055337695189152214, 4.27221601991008270716
4.27684285173385259071, 4.27848718565748153964
4.28313232651581365928, 4.28475854891383622913
4.28942180129777472786, 4.29103010761099135095
4.29571127607973757279, 4.29730185970145939223
4.30200075086169864136, 4.30357380315822890537
4.30829022564365970993, 4.30984593597458154335
4.31457970042562255486, 4.31611825616389932492
4.32086917520758362343, 4.32239076175947900538
4.32715864998954469200, 4.32866345081435088815
4.33344812477150576058, 4.33493632140109408368
4.33973759955346860551, 4.34120937161165532103
4.34602707433542967408, 4.34748259955716687131
4.35231654911739074265, 4.35375600336777157651
4.35860602389935181122, 4.36002958119244254931
4.36489549868131465615, 4.36630333119880997828
4.37118497346327572473, 4.37257725157298260399
4.37747444824523679330, 4.37885134051937807698
4.38376392302719875005, 4.38512559626055420381
4.39005339780916070680, 4.39140001703702864688
4.39634287259112177537, 4.39767460110711994048
4.40263234737308284394, 4.40394934674677784869
4.40892182215504568887, 4.41022425224941283517
4.41521129693700675745, 4.41649931592573441463
4.42150077171896782602, 4.42277453610358950442
4.42779024650092889459, 4.42904991112779544693
4.43407972128289173952, 4.43532543935998724294
4.44036919606485280809, 4.44160111917844346863
4.44665867084681387666, 4.44787694897794683158
4.45294814562877583342, 4.45415292716961452868
4.45923762041073779017, 4.46042905218074636764
4.46552709519269885874, 4.46670532245466667121
4.47181656997465992731, 4.47298173645058216863
4.47810604475662188406, 4.47925829264341768265
4.48439551953858384081, 4.48553498952367579733
4.49068499432054490939, 4.49181182559727609771
4.49697446910250686614, 4.49808879938542283128
4.50326394388446882289, 4.50436590942444325947
4.50955341866642989146, 4.51064315426565265454
4.51584289344839096003, 4.51692053247520508563
4.52213236823035291678, 4.52319804263395219834
4.52842184301231487353, 4.52947568333730199441
4.53471131779427594211, 4.53575345319507317043
4.54100079257623701068, 4.54203135083136633199
4.54729026735819896743, 4.54830937488441833239
4.55357974214016092418, 4.55458752400646282865
4.55986921692212199275, 4.56086579686360149566
4.56615869170408394950, 4.56714419213566813482
4.57244816648604501808, 4.57342270851609100646
4.57873764126800697483, 4.57970134471176582025
4.58502711604996804340, 4.58598009944291895579
4.59131659083193000015, 4.59225897144298578212
4.59760606561389195690, 4.59853795945847299009
4.60389554039585302547, 4.60481706224883602374
4.61018501517781409405, 4.61109627858635207076
4.61647448995977605080, 4.61737560725599571754
4.62276396474173800755, 4.62365504705531105145
4.62905343952369907612, 4.62993459679428820408
4.63534291430566103287, 4.63621425529525055254
4.64163238908762210144, 4.64249402139271882817
4.64792186386958405819, 4.64877389393330542333
4.65421133865154512677, 4.65505387177558471734
4.66050081343350708352, 4.66133395378998383052
4.66679028821546815209, 4.66761413885865650286
4.67307976299743010884, 4.67389442587537828899
4.67936923777939117741, 4.68017481374542132500
4.68565871256135313416, 4.68645530138545041154
4.69194818734331509091, 4.69273588772340222164
4.69823766212527615949, 4.69901657169837605466
4.70452713690723811624, 4.70529735226052903130
4.71081661168919918481, 4.71157822837095618951
4.71710608647116114156, 4.71785919900159367302
4.72339556125312221013, 4.72414026313509705091
4.72968503603508416688, 4.73042141976474983522
4.73597451081704523546, 4.73670266789434624144
4.74226398559900719221, 4.74298400653809348881
4.74855346038096826078, 4.74926543472050077810
4.75484293516293021753, 4.75554695147628692098
4.76113240994489128610, 4.76182855585026842959
4.76742188472685324285, 4.76811024689726536963
4.77371135950881519960, 4.77439202368199655524
4.78000083429077626818, 4.78067388527898273765
4.78629030907273822493, 4.78695583077245157000
4.79257978385469929350, 4.79323785925623280235
4.79886925863666125025, 4.79951996983367212835
4.80515873341862231882, 4.80580216161752282744
4.81144820820058427557, 4.81208443372986494069
4.81773768298254534415, 4.81836678530200135384
4.82402715776450730090, 4.82464921547436897953
4.83031663254646836947, 4.83093172339644727487
4.83660610732843032622, 4.83721430822666853544
4.84289558211039228297, 4.84349696913231930750
4.84918505689235335154, 4.84977970528946311646
4.85547453167431442012, 4.85606251588284276721
4.86176400645627637687, 4.86234540010579951996
4.86805348123823833362, 4.86862835716017805510
4.87434295602019940219, 4.87491138625624476077
4.88063243080216047076, 4.88119448661260779687
4.88692190558412242751, 4.88747765745612294808
4.89321138036608438426, 4.89376089802181635235
4.89950085514804545284, 4.90004420755279568311
4.90579032993000740959, 4.90632758530017909493
4.91207980471196936634, 4.91261103052300107663
4.91836927949393043491, 4.91889454248813962067
4.92465875427589150348, 4.92517812047023362254
4.93094822905785346023, 4.93146176375160827376
4.93723770383981541698, 4.93774547162218890861
4.94352717862177648556, 4.94402924337942906163
4.94981665340373755413, 4.95031307832823408432
4.95610612818569951088, 4.95659697578088209724
4.96239560296766146763, 4.96288093505695115937
4.96868507774962253620, 4.96916495548324199660
4.97497455253158360478, 4.97544903639370605930
4.98126402731354644970, 4.98173317712937624435
4.98755350209550751828, 4.98801737703828251824
4.99384297687746858685, 4.99430163547539329727
5.00013245165943054360, 5.00058595180253906420
5.00642192644139250035, 5.00687032538833953765
5.01271140122335356892, 5.01315475560813617051
5.01900087600531463750, 5.01943924184392553656
5.02529035078727659425, 5.02572378348428827621
5.03157982556923855100, 5.03200837992432070678
5.03786930035119961957, 5.03829303056556643270
5.04415877513316068814, 5.04457773481595772580
5.05044824991512353307, 5.05086249208974180647
5.05673772469708460164, 5.05714730180741689480
5.06302719947904567022, 5.06343216339567092632
5.06931667426100673879, 5.06971707628731493855
5.07560614904296958372, 5.07600203992122622765
5.08189562382493065229, 5.08228705374226841229
5.08818509860689172086, 5.08857211720125324206
5.09447457338885367761, 5.09485722975486332587
5.10076404817081563436, 5.10114239086559351222
5.10705352295277670294, 5.10742760000169226942
5.11334299773473777151, 5.11371285663710750669
5.11963247251670061644, 5.11999816025141907261
5.12592194729866168501, 5.12628351032978013535
5.13221142208062275358, 5.13256890636287010921
5.13850089686258382216, 5.13885434784682537668
5.14479037164454666708, 5.14513983428318955049
5.15107984642650773566, 5.15142536517885218927
5.15736932120846880423, 5.15771094004599905958
5.16365879599042987280, 5.16399655840205262791
5.16994827077239271773, 5.17028221976962232276
5.17623774555435378630, 5.17656792367644058572
5.18252722033631485488, 5.18285366965532112715
5.18881669511827769981, 5.18913945724410385907
5.19510616990023876838, 5.19542528598558828179
5.20139564468219983695, 5.20171115542750595040
5.20768511946416090552, 5.20799706512244942047
5.21397459424612375045, 5.21428301462783050368
5.22026406902808481902, 5.22056900350582431258
5.22655354381004588760, 5.22685503132332485166
5.23284301859200784435, 5.23314109765189616752
5.23913249337396980110, 5.23942720206771639369
5.24542196815593086967, 5.24571334415153600617
5.25171144293789193824, 5.25199952348862808549
5.25800091771985389499, 5.25828573966874035506
5.26429039250181585174, 5.26457199228604988406
5.27057986728377692032, 5.27085828093911157310
5.27686934206573798889, 5.27714460523081996257
5.28315881684770083382, 5.28343096476835949460
5.28944829162966190239, 5.28971735916315566328
5.29573776641162297096, 5.29600378803083859935
5.30202724119358492771, 5.30229025099119510855
5.30831671597554688447, 5.30857674766812070999
5.31460619075750795304, 5.31486327768958233264
5.32089566553946902161, 5.32114984068757479463
5.32718514032143097836, 5.32743643629807550610
5.33347461510339293511, 5.33372306416100361304
5.33976408988535400368, 5.34000972392017914103
5.34605356466731507226, 5.34629641522328213910
5.35234303944927702901, 5.35258313772181271162
5.35863251423123898576, 5.35886989107104660945
5.36492198901320005433, 5.36515667492999792643
5.37121146379516201108, 5.37144348896138357219
5.37750093857712396783, 5.37773033283157708695
5.38379041335908503640, 5.38401720621057400251
5.39007988814104610498, 5.39030410877195187425
5.39636936292300806173, 5.39659104019283653031
5.40265883770497001848, 5.40287800015385943908
5.40894831248693108705, 5.40916498833912040567
5.41523778726889215562, 5.41545200443615559749
5.42152726205085411237, 5.42173904813589757623
5.42781673683281606912, 5.42802611913264154708
5.43410621161477713770, 5.43431321712400450252
5.44039568639673909445, 5.44060034181089857697
5.44668516117870016302, 5.44688749289748663784
5.45297463596066211977, 5.45317467009115652843
5.45926411074262318834, 5.45946187310247843527
5.46555358552458514509, 5.46574910164518001920
5.47184306030654710185, 5.47203635543610555914
5.47813253508850817042, 5.47832363419518308945
5.48442200987046923899, 5.48461093764539864281
5.49071148465243119574, 5.49089826551275628219
5.49700095943439315249, 5.49718561752624879091
5.50329043421635422106, 5.50347299341782481008
5.50957990899831617782, 5.50976039292236130507
5.51586938378027724639, 5.51604781577762448563
5.52215885856223920314, 5.52233526172425026601
5.52844833334420027171, 5.52862273050569985600
5.53473780812616222846, 5.53491022186824377371
5.54102728290812329703, 5.54119773556091832489
5.54731675769008525378, 5.54748527133550961565
5.55360623247204632236, 5.55377282894651003176
5.55989570725400827911, 5.56006040815110491593
5.56618518203597023586, 5.56634800870912727078
5.57247465681793130443, 5.57263563038304354791
5.57876413159989326118, 5.57892327293791723264
5.58505360638185432975, 5.58521093614138131045
5.59134308116381628651, 5.59149861976361783888
5.59763255594577735508, 5.59778632357732153224
5.60392203072773931183, 5.60407404735767933346
5.61021150550970038040, 5.61036179088233932788
5.61650098029166233715, 5.61664955393138853879
5.62279045507362340572, 5.62293733628732184116
5.62907992985558536247, 5.62922513773502330992
5.63536940463754643105, 5.63551295806173069280
5.64165887941950838780, 5.64180079705702031134
5.64794835420147034455, 5.64808865451277419822
5.65423782898343141312, 5.65437653022315966922
5.66052730376539248169, 5.66066442398460445418
5.66681677854735443844, 5.66695233559576916349
5.67310625332931639520, 5.67324026485752863636
5.67939572811127746377, 5.67952821157294174270
5.68568520289323942052, 5.68581617554723273145
5.69197467767520048909, 5.69210415658776724968
5.69826415245716244584, 5.69839215450402747365
5.70455362723912351441, 5.70468016910758990434
5.71084310202108547116, 5.71096820021210493934
5.71713257680304742792, 5.71725624763327111566
5.72342205158500849649, 5.72354431118881379348
5.72971152636696956506, 5.72983239069846561620
5.73600100114893152181, 5.73612048598394608234
5.74229047593089347856, 5.74240859686893401204
5.74857995071285454713, 5.74869672317904889525
5.75486942549481561571, 5.75498486474183312822
5.76115890027677757246, 5.76127302138673069720
5.76744837505873952921, 5.76756119294506142126
5.77373784984070059778, 5.77384937925000496506
5.78002732462266255453, 5.78013758013658218715
5.78631679940462451128, 5.78642579544163115912
5.79260627418658557986, 5.79271402500378940204
5.79889574896854664843, 5.79900226866347523469
5.80518522375050860518, 5.80529052626286734551
5.81147469853247056193, 5.81157879764588791716
5.81776417331443163050, 5.81786708265817686936
5.82405364809639269907, 5.82415538114708297712
5.83034312287835465582, 5.83044369296164166627
5.83663259766031661258, 5.83673201795255103264
5.84292207244227768115, 5.84302035597215940754
5.84921154722423874972, 5.84930870687445114697
5.85550102200620159465, 5.85559707051502176256
5.86179049678816266322, 5.86188544675105926984
5.86807997157012373179, 5.86817383544133619466
5.87436944635208568855, 5.87446223644618470416
5.88065892113404764530, 5.88075064962748061959
5.88694839591600871387, 5.88703907484862920541
5.89323787069796978244, 5.89332751197454651759
5.89952734547993173919, 5.89961596087164519275
5.90581682026189369594, 5.90590442140781668456
5.91210629504385476451, 5.91219289345240994749
5.91839576982581583309, 5.91848137687622699588
5.92468524460777867802, 5.92476987155150158770
5.93097471938973974659, 5.93105837735187435555
5.93726419417170081516, 5.93734689415239547117
5.94355366895366188373, 5.94363542182949444737
5.94984314373562472866, 5.94992396026097480899
5.95613261851758579724, 5.95621250932598922390
5.96242209329954686581, 5.96250106890503417389
5.96871156808150882256, 5.96878963887993396753
5.97500104286347077931, 5.97507821913381764745
5.98129051764543184788, 5.98136680955111454949
5.98757999242739291645, 5.98765541001753831551
5.99386946720935576138, 5.99394402042006912978
6.00015894199131682996, 6.00023264064693950814
6.00644841677327789853, 6.00652127058762630440
6.01273789155523896710, 6.01280991013283383495
6.01902736633720181203, 6.01909855917448144424
6.02531684111916288060, 6.02538721760568396490
6.03160631590112394917, 6.03167588532074905316
6.03789579068308501775, 6.03796456221515676077
6.04418526546504786268, 6.04425324818555420592
6.05047474024700893125, 6.05054194312972626335
6.05676421502896999982, 6.05683064694660622251
6.06305368981093284475, 6.06311935953624647766
6.06934316459289391332, 6.06940808079980964607
6.07563263937485498190, 6.07569681063956057443
6.08192211415681605047, 6.08198554895885123983
6.08821158893877889540, 6.08827429566211097978
6.09450106372073996397, 6.09456305065482872863
6.10079053850270103254, 6.10085181384354946488
6.10708001328466298929, 6.10714058513585911214
6.11336948806662494604, 6.11342936444037032828
6.11965896284858601462, 6.11971815166671451180
6.12594843763054708319, 6.12600694672553203191
6.13223791241250903994, 6.13229574952845801761
6.13852738719447099669, 6.13858455998811258780
6.14481686197643206526, 6.14487337801808752857
6.15110633675839313383, 6.15116220353294185230
6.15739581154035597876, 6.15745103644818758681
6.16368528632231704734, 6.16373987668027378817
6.16997476110427811591, 6.17002872414658831701
6.17626423588624007266, 6.17631757876543652230
6.18255371066820202941, 6.18260644045603680041
6.18884318545016309798, 6.18889530913850816063
6.19513266023212416655, 6.19518418473386223155
6.20142213501408612331, 6.20147306716399615567
6.20771160979604808006, 6.20776195635167216125
6.21400108457800914863, 6.21405085222051933869
6.22029055935997021720, 6.22033975469501942968
6.22658003414193217395, 6.22662866370049972176
6.23286950892389413070, 6.23291757916311794929
6.23915898370585519928, 6.23920650100985962894
6.24544845848781715603, 6.24549542916852740149
6.25173793326977911278, 6.25178436356772859739
6.25802740805174018135, 6.25807330413686990767
6.26431688283370124992, 6.26436225080614850214
6.27060635761566320667, 6.27065120350654225945
6.27689583239762516342, 6.27694016216979999712
6.28318530717958623200, 6.28322912672843347792
